WHOLEMOLECULES ENTITY0=96,115,131,150,201,218,229,251,261,268,377,387,403,425,467,483,490,516,738,759,775,782,794,809,819,919,938,952,971,1030,1049,1088,1107,1151,1175,1187,1199,1216,1231,1253,1272,1296,1313,1330,1344,1364,1385,1399,1558,1574,1593,1612,1626,1710,1732,1743,1757,1781,1796,1818,1835,1849,1866,1885,1902,1922,1937,2015,2025,2045,2066,2082,2093,2112,2129,2139,2155,2174,2185,2204,2225,2236,2306,2313,2332,2348,2367,2379,2390,2416,2432,2446,2463,2479,2497,2509,2528,2566,2586,2676,2695,2719,2779,2786,2810,2822,2841,2855,2867,2888,2907,2924,2946,2965,2984,2995,3010,3118,3132,3142,3157,3181,3196,3215,3231,3255,3267,3286,3308,3323,3345,3453,3473,3488,3505,3520,3537,3554,3568,3578,3588,3672,3694,3705,3726,3810,3826,3845,3859,3885,3899,3914,3938,3958,3982,3994,4006,4021,4216,4235,4247,4264,4278,4292,4313,4327,4338,4357,4374,4419,4435,4447,4463,4487,4509,4524,4543,4564,4585,4604,4620,4637,4748,4767,4777,4792,4816,4833,4850,4872,4887,4906,4920,4930,5072,5091,5209,5230,5241,5257,5281,5300,5307,5314,5325,5344,5363,5373,5526,5545,5556,5578,5595,5610,5631,5643,5658,5701,5720,5736,5753,5770,5792


site_s2: COM ATOMS=2810,2855,2750,4128,4089,4188
lig: COM ATOMS=5822-5834
d1: DISTANCE ATOMS=site_s2,lig

fps: FUNNEL_PS LIGAND=lig REFERENCE=reference.pdb ANCHOR=4690 POINTS=3.312,5.983,5.075,2.567,5.188,5.378

FUNNEL ARG=fps.lp,fps.ld ZCC=2.5 ALPHA=0.55 RCYL=0.1 MINS=-0.2 MAXS=4.2 KAPPA=35100 NBINS=500 NBINZ=500 FILE=BIAS LABEL=funnel

# remove BIASFACTOR if you want to perform standard metadynamics
METAD ARG=d1 SIGMA=0.01 HEIGHT=0.8 PACE=500 TEMP=300 BIASFACTOR=12 GRID_MIN=0.0 GRID_MAX=4.0 GRID_WFILE=grid_w.dat GRID_WSTRIDE=250000 FILE=HILLS LABEL=metad

LOWER_WALLS ARG=fps.lp AT=0.0 KAPPA=500000 EXP=2 OFFSET=0 LABEL=lwall

UPPER_WALLS ARG=fps.lp AT=4.0 KAPPA=500000 EXP=2 OFFSET=0 LABEL=uwall

PRINT STRIDE=500 ARG=* FILE=COLVAR


